0	0.1	0.0766423
0	0.245	0.0658147
0	0.39	0.093678
0	0.535	0.0726268
0	0.68	0.0670308
0	0.825	0.090771
0	0.97	0.0642202
0	1.115	0.0650774
0	1.26	0.105861
0	1.405	0.0776229
0	1.55	0.0913177
0	1.695	0.0966369
0	1.84	0.0922181
0	1.985	0.100809
0	2.13	0.0939149
0	2.275	0.0760226
0	2.42	0.0986718
0	2.565	0.107499
0	2.71	0.0894481
0	2.855	0.105459
0	3	0.0858426
0.15	0.1	0.917809
0.15	0.245	0.852124
0.15	0.39	0.789295
0.15	0.535	0.708397
0.15	0.68	0.653917
0.15	0.825	0.645843
0.15	0.97	0.652844
0.15	1.115	0.681033
0.15	1.26	0.705967
0.15	1.405	0.688081
0.15	1.55	0.657479
0.15	1.695	0.652729
0.15	1.84	0.62244
0.15	1.985	0.634403
0.15	2.13	0.648231
0.15	2.275	0.605268
0.15	2.42	0.629321
0.15	2.565	0.589474
0.15	2.71	0.515395
0.15	2.855	0.531698
0.15	3	0.453471
0.3	0.1	0.911621
0.3	0.245	0.854567
0.3	0.39	0.800108
0.3	0.535	0.717821
0.3	0.68	0.652889
0.3	0.825	0.624193
0.3	0.97	0.633114
0.3	1.115	0.642392
0.3	1.26	0.638638
0.3	1.405	0.627942
0.3	1.55	0.643358
0.3	1.695	0.635814
0.3	1.84	0.605365
0.3	1.985	0.61405
0.3	2.13	0.582937
0.3	2.275	0.567907
0.3	2.42	0.560155
0.3	2.565	0.48707
0.3	2.71	0.366783
0.3	2.855	0.303891
0.3	3	0.245985
0.45	0.1	0.908145
0.45	0.245	0.857791
0.45	0.39	0.807215
0.45	0.535	0.736364
0.45	0.68	0.667072
0.45	0.825	0.624116
0.45	0.97	0.625048
0.45	1.115	0.626289
0.45	1.26	0.631897
0.45	1.405	0.627732
0.45	1.55	0.621619
0.45	1.695	0.621848
0.45	1.84	0.610599
0.45	1.985	0.593959
0.45	2.13	0.562752
0.45	2.275	0.544042
0.45	2.42	0.502349
0.45	2.565	0.428228
0.45	2.71	0.307235
0.45	2.855	0.215842
0.45	3	0.197956
0.6	0.1	0.908636
0.6	0.245	0.868404
0.6	0.39	0.819604
0.6	0.535	0.7517
0.6	0.68	0.681137
0.6	0.825	0.629075
0.6	0.97	0.610642
0.6	1.115	0.614791
0.6	1.26	0.625614
0.6	1.405	0.623818
0.6	1.55	0.618195
0.6	1.695	0.617685
0.6	1.84	0.604673
0.6	1.985	0.569893
0.6	2.13	0.561925
0.6	2.275	0.523366
0.6	2.42	0.462715
0.6	2.565	0.332105
0.6	2.71	0.287163
0.6	2.855	0.160611
0.6	3	0.15208
0.75	0.1	0.909773
0.75	0.245	0.875639
0.75	0.39	0.82737
0.75	0.535	0.765876
0.75	0.68	0.69224
0.75	0.825	0.635165
0.75	0.97	0.612415
0.75	1.115	0.612427
0.75	1.26	0.621222
0.75	1.405	0.61982
0.75	1.55	0.616647
0.75	1.695	0.609003
0.75	1.84	0.596636
0.75	1.985	0.587556
0.75	2.13	0.565608
0.75	2.275	0.438162
0.75	2.42	0.494024
0.75	2.565	0.268238
0.75	2.71	0.224756
0.75	2.855	0.160405
0.75	3	0.124993
0.9	0.1	0.911854
0.9	0.245	0.878366
0.9	0.39	0.832274
0.9	0.535	0.782311
0.9	0.68	0.704684
0.9	0.825	0.644251
0.9	0.97	0.611135
0.9	1.115	0.616053
0.9	1.26	0.620598
0.9	1.405	0.615746
0.9	1.55	0.613721
0.9	1.695	0.609738
0.9	1.84	0.588832
0.9	1.985	0.579993
0.9	2.13	0.565935
0.9	2.275	0.491402
0.9	2.42	0.366724
0.9	2.565	0.328959
0.9	2.71	0.195618
0.9	2.855	0.18388
0.9	3	0.163388
1.05	0.1	0.911064
1.05	0.245	0.884596
1.05	0.39	0.839078
1.05	0.535	0.792851
1.05	0.68	0.724044
1.05	0.825	0.659651
1.05	0.97	0.619171
1.05	1.115	0.614225
1.05	1.26	0.613585
1.05	1.405	0.615191
1.05	1.55	0.612061
1.05	1.695	0.606586
1.05	1.84	0.591224
1.05	1.985	0.576502
1.05	2.13	0.588159
1.05	2.275	0.438316
1.05	2.42	0.363603
1.05	2.565	0.337157
1.05	2.71	0.172202
1.05	2.855	0.197118
1.05	3	0.13113
1.2	0.1	0.911834
1.2	0.245	0.888257
1.2	0.39	0.846333
1.2	0.535	0.802494
1.2	0.68	0.741479
1.2	0.825	0.676747
1.2	0.97	0.626108
1.2	1.115	0.609675
1.2	1.26	0.615117
1.2	1.405	0.614113
1.2	1.55	0.612981
1.2	1.695	0.60559
1.2	1.84	0.601103
1.2	1.985	0.565005
1.2	2.13	0.542191
1.2	2.275	0.532391
1.2	2.42	0.423134
1.2	2.565	0.262367
1.2	2.71	0.252755
1.2	2.855	0.154466
1.2	3	0.193334
1.35	0.1	0.913676
1.35	0.245	0.891369
1.35	0.39	0.850723
1.35	0.535	0.810811
1.35	0.68	0.754452
1.35	0.825	0.689475
1.35	0.97	0.634183
1.35	1.115	0.611326
1.35	1.26	0.607731
1.35	1.405	0.61153
1.35	1.55	0.612979
1.35	1.695	0.6035
1.35	1.84	0.590495
1.35	1.985	0.543426
1.35	2.13	0.536781
1.35	2.275	0.542907
1.35	2.42	0.345657
1.35	2.565	0.316347
1.35	2.71	0.263087
1.35	2.855	0.191044
1.35	3	0.149211
1.5	0.1	0.912001
1.5	0.245	0.894847
1.5	0.39	0.854815
1.5	0.535	0.819095
1.5	0.68	0.767243
1.5	0.825	0.700656
1.5	0.97	0.642395
1.5	1.115	0.616767
1.5	1.26	0.605605
1.5	1.405	0.61299
1.5	1.55	0.612873
1.5	1.695	0.605543
1.5	1.84	0.593688
1.5	1.985	0.587173
1.5	2.13	0.558687
1.5	2.275	0.488369
1.5	2.42	0.391583
1.5	2.565	0.335486
1.5	2.71	0.239155
1.5	2.855	0.185192
1.5	3	0.126369
1.65	0.1	0.910146
1.65	0.245	0.89678
1.65	0.39	0.858188
1.65	0.535	0.825598
1.65	0.68	0.780803
1.65	0.825	0.713847
1.65	0.97	0.658452
1.65	1.115	0.621324
1.65	1.26	0.607664
1.65	1.405	0.607714
1.65	1.55	0.609195
1.65	1.695	0.60722
1.65	1.84	0.588874
1.65	1.985	0.592421
1.65	2.13	0.568276
1.65	2.275	0.504141
1.65	2.42	0.3422
1.65	2.565	0.340837
1.65	2.71	0.246531
1.65	2.855	0.14914
1.65	3	0.186411
1.8	0.1	0.91234
1.8	0.245	0.899549
1.8	0.39	0.861628
1.8	0.535	0.830317
1.8	0.68	0.791095
1.8	0.825	0.731765
1.8	0.97	0.674512
1.8	1.115	0.628367
1.8	1.26	0.610528
1.8	1.405	0.605414
1.8	1.55	0.608648
1.8	1.695	0.608177
1.8	1.84	0.606044
1.8	1.985	0.581369
1.8	2.13	0.526493
1.8	2.275	0.493195
1.8	2.42	0.460327
1.8	2.565	0.333904
1.8	2.71	0.240235
1.8	2.855	0.192276
1.8	3	0.157899
1.95	0.1	0.914297
1.95	0.245	0.900323
1.95	0.39	0.868607
1.95	0.535	0.835136
1.95	0.68	0.798519
1.95	0.825	0.746616
1.95	0.97	0.687474
1.95	1.115	0.634217
1.95	1.26	0.610703
1.95	1.405	0.603791
1.95	1.55	0.608797
1.95	1.695	0.607844
1.95	1.84	0.599212
1.95	1.985	0.5337
1.95	2.13	0.545056
1.95	2.275	0.392711
1.95	2.42	0.422957
1.95	2.565	0.320194
1.95	2.71	0.273582
1.95	2.855	0.166922
1.95	3	0.17034
2.1	0.1	0.914278
2.1	0.245	0.901977
2.1	0.39	0.873149
2.1	0.535	0.839541
2.1	0.68	0.805323
2.1	0.825	0.75648
2.1	0.97	0.697831
2.1	1.115	0.644512
2.1	1.26	0.618897
2.1	1.405	0.609555
2.1	1.55	0.608733
2.1	1.695	0.606655
2.1	1.84	0.594069
2.1	1.985	0.581966
2.1	2.13	0.539371
2.1	2.275	0.452991
2.1	2.42	0.415063
2.1	2.565	0.309609
2.1	2.71	0.276974
2.1	2.855	0.201494
2.1	3	0.165527
2.25	0.1	0.911817
2.25	0.245	0.903687
2.25	0.39	0.876291
2.25	0.535	0.845457
2.25	0.68	0.813872
2.25	0.825	0.769216
2.25	0.97	0.707871
2.25	1.115	0.657496
2.25	1.26	0.623435
2.25	1.405	0.60907
2.25	1.55	0.606831
2.25	1.695	0.605945
2.25	1.84	0.599935
2.25	1.985	0.58093
2.25	2.13	0.489097
2.25	2.275	0.412514
2.25	2.42	0.340732
2.25	2.565	0.358398
2.25	2.71	0.246313
2.25	2.855	0.197793
2.25	3	0.197449
2.4	0.1	0.911297
2.4	0.245	0.905097
2.4	0.39	0.879427
2.4	0.535	0.849304
2.4	0.68	0.819837
2.4	0.825	0.780462
2.4	0.97	0.724907
2.4	1.115	0.675456
2.4	1.26	0.628244
2.4	1.405	0.611563
2.4	1.55	0.601259
2.4	1.695	0.607371
2.4	1.84	0.58576
2.4	1.985	0.524253
2.4	2.13	0.539496
2.4	2.275	0.461095
2.4	2.42	0.325272
2.4	2.565	0.316762
2.4	2.71	0.240504
2.4	2.855	0.262914
2.4	3	0.187703
2.55	0.1	0.911432
2.55	0.245	0.905312
2.55	0.39	0.881612
2.55	0.535	0.852394
2.55	0.68	0.824347
2.55	0.825	0.789164
2.55	0.97	0.739944
2.55	1.115	0.686597
2.55	1.26	0.634772
2.55	1.405	0.615724
2.55	1.55	0.602986
2.55	1.695	0.606497
2.55	1.84	0.599515
2.55	1.985	0.594327
2.55	2.13	0.581876
2.55	2.275	0.529835
2.55	2.42	0.367969
2.55	2.565	0.307743
2.55	2.71	0.293142
2.55	2.855	0.228527
2.55	3	0.172294
2.7	0.1	0.912851
2.7	0.245	0.905755
2.7	0.39	0.885583
2.7	0.535	0.854979
2.7	0.68	0.829291
2.7	0.825	0.796526
2.7	0.97	0.749796
2.7	1.115	0.695519
2.7	1.26	0.64468
2.7	1.405	0.619714
2.7	1.55	0.606309
2.7	1.695	0.606909
2.7	1.84	0.603634
2.7	1.985	0.566637
2.7	2.13	0.493538
2.7	2.275	0.444846
2.7	2.42	0.410206
2.7	2.565	0.38566
2.7	2.71	0.26454
2.7	2.855	0.255617
2.7	3	0.187683
2.85	0.1	0.912283
2.85	0.245	0.906685
2.85	0.39	0.888924
2.85	0.535	0.857272
2.85	0.68	0.833086
2.85	0.825	0.802245
2.85	0.97	0.758458
2.85	1.115	0.703738
2.85	1.26	0.65975
2.85	1.405	0.624737
2.85	1.55	0.612545
2.85	1.695	0.604188
2.85	1.84	0.603871
2.85	1.985	0.589005
2.85	2.13	0.513042
2.85	2.275	0.462621
2.85	2.42	0.372829
2.85	2.565	0.331462
2.85	2.71	0.30237
2.85	2.855	0.24058
2.85	3	0.238629
3	0.1	0.911839
3	0.245	0.906984
3	0.39	0.891028
3	0.535	0.859527
3	0.68	0.836036
3	0.825	0.808052
3	0.97	0.770388
3	1.115	0.717849
3	1.26	0.673351
3	1.405	0.630773
3	1.55	0.613489
3	1.695	0.604305
3	1.84	0.603812
3	1.985	0.599685
3	2.13	0.491426
3	2.275	0.498778
3	2.42	0.437986
3	2.565	0.387174
3	2.71	0.3137
3	2.855	0.261623
3	3	0.207941
