0	0.1	0.0766423
0	0.245	0.0658147
0	0.39	0.093678
0	0.535	0.0726268
0	0.68	0.0670308
0	0.825	0.090771
0	0.97	0.0642202
0	1.115	0.0650774
0	1.26	0.105861
0	1.405	0.0776229
0	1.55	0.0913177
0	1.695	0.0966369
0	1.84	0.0922181
0	1.985	0.100809
0	2.13	0.0939149
0	2.275	0.0760226
0	2.42	0.0986718
0	2.565	0.107499
0	2.71	0.0894481
0	2.855	0.105459
0	3	0.0858426
0.15	0.1	0.903984
0.15	0.245	0.843478
0.15	0.39	0.774281
0.15	0.535	0.700169
0.15	0.68	0.643406
0.15	0.825	0.637381
0.15	0.97	0.64759
0.15	1.115	0.538634
0.15	1.26	0.543134
0.15	1.405	0.548253
0.15	1.55	0.342745
0.15	1.695	0.303391
0.15	1.84	0.19972
0.15	1.985	0.129241
0.15	2.13	0.139652
0.15	2.275	0.106951
0.15	2.42	0.120526
0.15	2.565	0.120241
0.15	2.71	0.111837
0.15	2.855	0.100535
0.15	3	0.102936
0.3	0.1	0.906069
0.3	0.245	0.853604
0.3	0.39	0.78828
0.3	0.535	0.707197
0.3	0.68	0.64523
0.3	0.825	0.620376
0.3	0.97	0.439375
0.3	1.115	0.589714
0.3	1.26	0.553379
0.3	1.405	0.401747
0.3	1.55	0.223489
0.3	1.695	0.156516
0.3	1.84	0.12648
0.3	1.985	0.12712
0.3	2.13	0.13118
0.3	2.275	0.104383
0.3	2.42	0.0927737
0.3	2.565	0.103241
0.3	2.71	0.112876
0.3	2.855	0.109395
0.3	3	0.0981307
0.45	0.1	0.910025
0.45	0.245	0.857504
0.45	0.39	0.80464
0.45	0.535	0.720397
0.45	0.68	0.655832
0.45	0.825	0.567842
0.45	0.97	0.390765
0.45	1.115	0.59916
0.45	1.26	0.49757
0.45	1.405	0.363667
0.45	1.55	0.186624
0.45	1.695	0.155583
0.45	1.84	0.12039
0.45	1.985	0.133988
0.45	2.13	0.12236
0.45	2.275	0.110101
0.45	2.42	0.0916023
0.45	2.565	0.0947802
0.45	2.71	0.104616
0.45	2.855	0.104101
0.45	3	0.110771
0.6	0.1	0.911817
0.6	0.245	0.864283
0.6	0.39	0.814298
0.6	0.535	0.741469
0.6	0.68	0.671224
0.6	0.825	0.565981
0.6	0.97	0.561423
0.6	1.115	0.580071
0.6	1.26	0.607147
0.6	1.405	0.423057
0.6	1.55	0.141651
0.6	1.695	0.137617
0.6	1.84	0.129393
0.6	1.985	0.117905
0.6	2.13	0.141811
0.6	2.275	0.114298
0.6	2.42	0.116365
0.6	2.565	0.124645
0.6	2.71	0.0916369
0.6	2.855	0.102475
0.6	3	0.0960699
0.75	0.1	0.909628
0.75	0.245	0.869083
0.75	0.39	0.825111
0.75	0.535	0.761937
0.75	0.68	0.688558
0.75	0.825	0.632899
0.75	0.97	0.557244
0.75	1.115	0.602778
0.75	1.26	0.603342
0.75	1.405	0.281014
0.75	1.55	0.152758
0.75	1.695	0.111141
0.75	1.84	0.110983
0.75	1.985	0.148296
0.75	2.13	0.133368
0.75	2.275	0.101598
0.75	2.42	0.116835
0.75	2.565	0.116304
0.75	2.71	0.0982675
0.75	2.855	0.0923473
0.75	3	0.0906313
0.9	0.1	0.910652
0.9	0.245	0.877834
0.9	0.39	0.833261
0.9	0.535	0.773789
0.9	0.68	0.706729
0.9	0.825	0.645845
0.9	0.97	0.51235
0.9	1.115	0.602462
0.9	1.26	0.606683
0.9	1.405	0.361052
0.9	1.55	0.185468
0.9	1.695	0.119993
0.9	1.84	0.13508
0.9	1.985	0.148168
0.9	2.13	0.128134
0.9	2.275	0.110826
0.9	2.42	0.117238
0.9	2.565	0.102945
0.9	2.71	0.0891885
0.9	2.855	0.0883075
0.9	3	0.0946612
1.05	0.1	0.911352
1.05	0.245	0.881789
1.05	0.39	0.839271
1.05	0.535	0.78986
1.05	0.68	0.718521
1.05	0.825	0.656983
1.05	0.97	0.571663
1.05	1.115	0.605656
1.05	1.26	0.568209
1.05	1.405	0.356273
1.05	1.55	0.210222
1.05	1.695	0.12922
1.05	1.84	0.144953
1.05	1.985	0.12486
1.05	2.13	0.133337
1.05	2.275	0.106954
1.05	2.42	0.101492
1.05	2.565	0.101625
1.05	2.71	0.0897179
1.05	2.855	0.0924965
1.05	3	0.105731
1.2	0.1	0.913719
1.2	0.245	0.885178
1.2	0.39	0.844102
1.2	0.535	0.802157
1.2	0.68	0.731851
1.2	0.825	0.672962
1.2	0.97	0.574207
1.2	1.115	0.614139
1.2	1.26	0.608246
1.2	1.405	0.419791
1.2	1.55	0.225829
1.2	1.695	0.150667
1.2	1.84	0.132513
1.2	1.985	0.130106
1.2	2.13	0.13181
1.2	2.275	0.110917
1.2	2.42	0.101604
1.2	2.565	0.0889069
1.2	2.71	0.100482
1.2	2.855	0.0939943
1.2	3	0.0908961
1.35	0.1	0.912401
1.35	0.245	0.890902
1.35	0.39	0.85127
1.35	0.535	0.811567
1.35	0.68	0.752814
1.35	0.825	0.689383
1.35	0.97	0.639563
1.35	1.115	0.618094
1.35	1.26	0.611686
1.35	1.405	0.385041
1.35	1.55	0.250955
1.35	1.695	0.147161
1.35	1.84	0.136319
1.35	1.985	0.135091
1.35	2.13	0.129657
1.35	2.275	0.127623
1.35	2.42	0.0980288
1.35	2.565	0.104084
1.35	2.71	0.0935394
1.35	2.855	0.0973911
1.35	3	0.0918414
1.5	0.1	0.911501
1.5	0.245	0.894179
1.5	0.39	0.856302
1.5	0.535	0.818568
1.5	0.68	0.766647
1.5	0.825	0.706159
1.5	0.97	0.650498
1.5	1.115	0.621723
1.5	1.26	0.609566
1.5	1.405	0.264077
1.5	1.55	0.146372
1.5	1.695	0.177933
1.5	1.84	0.127275
1.5	1.985	0.131047
1.5	2.13	0.132987
1.5	2.275	0.11194
1.5	2.42	0.104451
1.5	2.565	0.103003
1.5	2.71	0.0911849
1.5	2.855	0.0939555
1.5	3	0.0903952
1.65	0.1	0.91119
1.65	0.245	0.898535
1.65	0.39	0.859693
1.65	0.535	0.826883
1.65	0.68	0.777573
1.65	0.825	0.716477
1.65	0.97	0.659833
1.65	1.115	0.627427
1.65	1.26	0.611096
1.65	1.405	0.534036
1.65	1.55	0.273675
1.65	1.695	0.127866
1.65	1.84	0.124505
1.65	1.985	0.146956
1.65	2.13	0.130584
1.65	2.275	0.123213
1.65	2.42	0.101971
1.65	2.565	0.0952809
1.65	2.71	0.0900356
1.65	2.855	0.0917424
1.65	3	0.0935005
1.8	0.1	0.912483
1.8	0.245	0.898593
1.8	0.39	0.863214
1.8	0.535	0.833079
1.8	0.68	0.790462
1.8	0.825	0.728053
1.8	0.97	0.674667
1.8	1.115	0.634897
1.8	1.26	0.617228
1.8	1.405	0.436365
1.8	1.55	0.348964
1.8	1.695	0.176905
1.8	1.84	0.131006
1.8	1.985	0.140691
1.8	2.13	0.138967
1.8	2.275	0.13349
1.8	2.42	0.118795
1.8	2.565	0.0977998
1.8	2.71	0.0988168
1.8	2.855	0.0923919
1.8	3	0.0980087
1.95	0.1	0.91163
1.95	0.245	0.900516
1.95	0.39	0.86552
1.95	0.535	0.837737
1.95	0.68	0.801211
1.95	0.825	0.745781
1.95	0.97	0.691643
1.95	1.115	0.646561
1.95	1.26	0.621427
1.95	1.405	0.535554
1.95	1.55	0.316437
1.95	1.695	0.181171
1.95	1.84	0.141762
1.95	1.985	0.150189
1.95	2.13	0.148189
1.95	2.275	0.125379
1.95	2.42	0.119957
1.95	2.565	0.0983494
1.95	2.71	0.087795
1.95	2.855	0.0952438
1.95	3	0.097357
2.1	0.1	0.912606
2.1	0.245	0.902421
2.1	0.39	0.871789
2.1	0.535	0.84178
2.1	0.68	0.809057
2.1	0.825	0.760401
2.1	0.97	0.705103
2.1	1.115	0.654803
2.1	1.26	0.625486
2.1	1.405	0.520653
2.1	1.55	0.333313
2.1	1.695	0.210347
2.1	1.84	0.137361
2.1	1.985	0.155427
2.1	2.13	0.128937
2.1	2.275	0.119221
2.1	2.42	0.121396
2.1	2.565	0.101373
2.1	2.71	0.0904618
2.1	2.855	0.0932815
2.1	3	0.0922333
2.25	0.1	0.914359
2.25	0.245	0.90377
2.25	0.39	0.876897
2.25	0.535	0.845299
2.25	0.68	0.815775
2.25	0.825	0.770226
2.25	0.97	0.715199
2.25	1.115	0.663434
2.25	1.26	0.636658
2.25	1.405	0.622903
2.25	1.55	0.521271
2.25	1.695	0.178994
2.25	1.84	0.151587
2.25	1.985	0.140695
2.25	2.13	0.139895
2.25	2.275	0.133826
2.25	2.42	0.116097
2.25	2.565	0.105262
2.25	2.71	0.0961014
2.25	2.855	0.104114
2.25	3	0.0903249
2.4	0.1	0.913912
2.4	0.245	0.905306
2.4	0.39	0.879703
2.4	0.535	0.85141
2.4	0.68	0.822124
2.4	0.825	0.780059
2.4	0.97	0.724923
2.4	1.115	0.678188
2.4	1.26	0.641847
2.4	1.405	0.571917
2.4	1.55	0.472012
2.4	1.695	0.270259
2.4	1.84	0.126213
2.4	1.985	0.138213
2.4	2.13	0.144075
2.4	2.275	0.135065
2.4	2.42	0.129912
2.4	2.565	0.0906926
2.4	2.71	0.0842409
2.4	2.855	0.0907917
2.4	3	0.0969444
2.55	0.1	0.912808
2.55	0.245	0.906044
2.55	0.39	0.882593
2.55	0.535	0.855147
2.55	0.68	0.828371
2.55	0.825	0.791954
2.55	0.97	0.739564
2.55	1.115	0.694317
2.55	1.26	0.650904
2.55	1.405	0.64114
2.55	1.55	0.525826
2.55	1.695	0.251603
2.55	1.84	0.178512
2.55	1.985	0.144462
2.55	2.13	0.142203
2.55	2.275	0.12701
2.55	2.42	0.107067
2.55	2.565	0.0971067
2.55	2.71	0.0899824
2.55	2.855	0.0899669
2.55	3	0.0920693
2.7	0.1	0.912569
2.7	0.245	0.906773
2.7	0.39	0.88428
2.7	0.535	0.858046
2.7	0.68	0.832705
2.7	0.825	0.800501
2.7	0.97	0.755103
2.7	1.115	0.705717
2.7	1.26	0.658436
2.7	1.405	0.638819
2.7	1.55	0.488374
2.7	1.695	0.23735
2.7	1.84	0.236906
2.7	1.985	0.145971
2.7	2.13	0.149427
2.7	2.275	0.129787
2.7	2.42	0.121231
2.7	2.565	0.105114
2.7	2.71	0.101644
2.7	2.855	0.0914928
2.7	3	0.0974983
2.85	0.1	0.9139
2.85	0.245	0.907392
2.85	0.39	0.887579
2.85	0.535	0.860554
2.85	0.68	0.837268
2.85	0.825	0.807464
2.85	0.97	0.76503
2.85	1.115	0.713961
2.85	1.26	0.666965
2.85	1.405	0.640271
2.85	1.55	0.526424
2.85	1.695	0.377911
2.85	1.84	0.153448
2.85	1.985	0.147661
2.85	2.13	0.130588
2.85	2.275	0.145354
2.85	2.42	0.123646
2.85	2.565	0.108504
2.85	2.71	0.0945223
2.85	2.855	0.094437
2.85	3	0.0971654
3	0.1	0.912609
3	0.245	0.90779
3	0.39	0.891169
3	0.535	0.862696
3	0.68	0.840323
3	0.825	0.813036
3	0.97	0.772882
3	1.115	0.722243
3	1.26	0.679973
3	1.405	0.649888
3	1.55	0.57463
3	1.695	0.310816
3	1.84	0.278536
3	1.985	0.134687
3	2.13	0.133745
3	2.275	0.141927
3	2.42	0.124158
3	2.565	0.0980141
3	2.71	0.0981555
3	2.855	0.0884093
3	3	0.0903283
