0	0	0.734828
0	0.05	0.73473
0	0.1	0.734292
0	0.15	0.669972
0	0.2	0.735098
0	0.25	0.734404
0	0.3	0.602259
0	0.35	0.734968
0	0.4	0.735183
0	0.45	0.734489
0	0.5	0.735408
0	0.55	0.734783
0	0.6	0.73447
0	0.65	0.668093
0	0.7	0.735548
0	0.75	0.734691
0	0.8	0.734465
0	0.85	0.734462
0	0.9	0.667997
0	0.95	0.73516
0	1	0.734962
0.02	0	0.732105
0.02	0.05	0.73238
0.02	0.1	0.732257
0.02	0.15	0.731809
0.02	0.2	0.73224
0.02	0.25	0.73256
0.02	0.3	0.731528
0.02	0.35	0.732674
0.02	0.4	0.732081
0.02	0.45	0.732411
0.02	0.5	0.732062
0.02	0.55	0.732476
0.02	0.6	0.731941
0.02	0.65	0.732016
0.02	0.7	0.732519
0.02	0.75	0.732298
0.02	0.8	0.731689
0.02	0.85	0.73255
0.02	0.9	0.732462
0.02	0.95	0.732237
0.02	1	0.732737
0.04	0	0.733181
0.04	0.05	0.733705
0.04	0.1	0.733922
0.04	0.15	0.733643
0.04	0.2	0.73326
0.04	0.25	0.733714
0.04	0.3	0.733642
0.04	0.35	0.733445
0.04	0.4	0.733181
0.04	0.45	0.733673
0.04	0.5	0.733462
0.04	0.55	0.733129
0.04	0.6	0.732987
0.04	0.65	0.733133
0.04	0.7	0.733385
0.04	0.75	0.733755
0.04	0.8	0.733586
0.04	0.85	0.733766
0.04	0.9	0.733203
0.04	0.95	0.733793
0.04	1	0.732744
0.06	0	0.729872
0.06	0.05	0.730104
0.06	0.1	0.730294
0.06	0.15	0.730238
0.06	0.2	0.729637
0.06	0.25	0.729687
0.06	0.3	0.73066
0.06	0.35	0.729673
0.06	0.4	0.729764
0.06	0.45	0.730079
0.06	0.5	0.72977
0.06	0.55	0.730478
0.06	0.6	0.730286
0.06	0.65	0.730437
0.06	0.7	0.730805
0.06	0.75	0.730522
0.06	0.8	0.730255
0.06	0.85	0.73002
0.06	0.9	0.730539
0.06	0.95	0.731358
0.06	1	0.729719
0.08	0	0.728543
0.08	0.05	0.728949
0.08	0.1	0.72888
0.08	0.15	0.728194
0.08	0.2	0.728917
0.08	0.25	0.7283
0.08	0.3	0.728376
0.08	0.35	0.727988
0.08	0.4	0.72782
0.08	0.45	0.729162
0.08	0.5	0.728288
0.08	0.55	0.728263
0.08	0.6	0.728427
0.08	0.65	0.728211
0.08	0.7	0.728242
0.08	0.75	0.728748
0.08	0.8	0.729022
0.08	0.85	0.728057
0.08	0.9	0.727864
0.08	0.95	0.728122
0.08	1	0.728394
0.1	0	0.728582
0.1	0.05	0.728873
0.1	0.1	0.728721
0.1	0.15	0.728132
0.1	0.2	0.729
0.1	0.25	0.729192
0.1	0.3	0.728251
0.1	0.35	0.727809
0.1	0.4	0.728121
0.1	0.45	0.728263
0.1	0.5	0.728445
0.1	0.55	0.728694
0.1	0.6	0.729328
0.1	0.65	0.728083
0.1	0.7	0.728656
0.1	0.75	0.728807
0.1	0.8	0.72794
0.1	0.85	0.728513
0.1	0.9	0.729527
0.1	0.95	0.728763
0.1	1	0.729002
0.12	0	0.733452
0.12	0.05	0.732152
0.12	0.1	0.732346
0.12	0.15	0.732828
0.12	0.2	0.732974
0.12	0.25	0.731744
0.12	0.3	0.732452
0.12	0.35	0.733016
0.12	0.4	0.732426
0.12	0.45	0.73309
0.12	0.5	0.732401
0.12	0.55	0.73305
0.12	0.6	0.731672
0.12	0.65	0.733532
0.12	0.7	0.733212
0.12	0.75	0.732679
0.12	0.8	0.73218
0.12	0.85	0.733038
0.12	0.9	0.732952
0.12	0.95	0.732428
0.12	1	0.73224
0.14	0	0.736221
0.14	0.05	0.735599
0.14	0.1	0.735686
0.14	0.15	0.735355
0.14	0.2	0.735175
0.14	0.25	0.73578
0.14	0.3	0.736397
0.14	0.35	0.735588
0.14	0.4	0.736868
0.14	0.45	0.736637
0.14	0.5	0.736915
0.14	0.55	0.735804
0.14	0.6	0.735701
0.14	0.65	0.735512
0.14	0.7	0.735483
0.14	0.75	0.735811
0.14	0.8	0.735747
0.14	0.85	0.736906
0.14	0.9	0.736194
0.14	0.95	0.735016
0.14	1	0.735784
0.16	0	0.739918
0.16	0.05	0.738768
0.16	0.1	0.738522
0.16	0.15	0.736781
0.16	0.2	0.738052
0.16	0.25	0.738434
0.16	0.3	0.738433
0.16	0.35	0.738136
0.16	0.4	0.737439
0.16	0.45	0.738985
0.16	0.5	0.738306
0.16	0.55	0.737973
0.16	0.6	0.739021
0.16	0.65	0.737565
0.16	0.7	0.737475
0.16	0.75	0.738613
0.16	0.8	0.738867
0.16	0.85	0.738377
0.16	0.9	0.737897
0.16	0.95	0.737929
0.16	1	0.738522
0.18	0	0.741601
0.18	0.05	0.740824
0.18	0.1	0.741872
0.18	0.15	0.74057
0.18	0.2	0.740179
0.18	0.25	0.740977
0.18	0.3	0.7419
0.18	0.35	0.741924
0.18	0.4	0.741471
0.18	0.45	0.740338
0.18	0.5	0.739812
0.18	0.55	0.740275
0.18	0.6	0.741265
0.18	0.65	0.741724
0.18	0.7	0.741511
0.18	0.75	0.740003
0.18	0.8	0.740732
0.18	0.85	0.74119
0.18	0.9	0.741138
0.18	0.95	0.741248
0.18	1	0.741247
0.2	0	0.742286
0.2	0.05	0.743031
0.2	0.1	0.742915
0.2	0.15	0.742328
0.2	0.2	0.742628
0.2	0.25	0.742066
0.2	0.3	0.743387
0.2	0.35	0.741968
0.2	0.4	0.742912
0.2	0.45	0.742067
0.2	0.5	0.74251
0.2	0.55	0.74134
0.2	0.6	0.741996
0.2	0.65	0.741205
0.2	0.7	0.742372
0.2	0.75	0.741052
0.2	0.8	0.742129
0.2	0.85	0.741906
0.2	0.9	0.741906
0.2	0.95	0.742129
0.2	1	0.74228
0.22	0	0.743416
0.22	0.05	0.743216
0.22	0.1	0.743146
0.22	0.15	0.74323
0.22	0.2	0.742889
0.22	0.25	0.743512
0.22	0.3	0.7437
0.22	0.35	0.743552
0.22	0.4	0.74288
0.22	0.45	0.742761
0.22	0.5	0.743221
0.22	0.55	0.743475
0.22	0.6	0.743989
0.22	0.65	0.743657
0.22	0.7	0.742006
0.22	0.75	0.742891
0.22	0.8	0.743943
0.22	0.85	0.744202
0.22	0.9	0.743801
0.22	0.95	0.742028
0.22	1	0.742151
0.24	0	0.74367
0.24	0.05	0.742795
0.24	0.1	0.744194
0.24	0.15	0.743964
0.24	0.2	0.743533
0.24	0.25	0.743471
0.24	0.3	0.744767
0.24	0.35	0.743439
0.24	0.4	0.745077
0.24	0.45	0.745044
0.24	0.5	0.743264
0.24	0.55	0.743692
0.24	0.6	0.744544
0.24	0.65	0.744087
0.24	0.7	0.742737
0.24	0.75	0.743726
0.24	0.8	0.744585
0.24	0.85	0.744054
0.24	0.9	0.744967
0.24	0.95	0.74416
0.24	1	0.744022
0.26	0	0.745498
0.26	0.05	0.744907
0.26	0.1	0.745019
0.26	0.15	0.744642
0.26	0.2	0.7453
0.26	0.25	0.744916
0.26	0.3	0.745463
0.26	0.35	0.744123
0.26	0.4	0.744741
0.26	0.45	0.744961
0.26	0.5	0.745583
0.26	0.55	0.744643
0.26	0.6	0.74543
0.26	0.65	0.744672
0.26	0.7	0.745819
0.26	0.75	0.744152
0.26	0.8	0.744601
0.26	0.85	0.744045
0.26	0.9	0.744235
0.26	0.95	0.744511
0.26	1	0.745448
0.28	0	0.746485
0.28	0.05	0.746153
0.28	0.1	0.74584
0.28	0.15	0.744747
0.28	0.2	0.745431
0.28	0.25	0.74532
0.28	0.3	0.746441
0.28	0.35	0.745288
0.28	0.4	0.745041
0.28	0.45	0.746574
0.28	0.5	0.744853
0.28	0.55	0.746157
0.28	0.6	0.745457
0.28	0.65	0.746615
0.28	0.7	0.745598
0.28	0.75	0.746317
0.28	0.8	0.745132
0.28	0.85	0.745705
0.28	0.9	0.746568
0.28	0.95	0.745325
0.28	1	0.747356
0.3	0	0.746274
0.3	0.05	0.747601
0.3	0.1	0.746319
0.3	0.15	0.747032
0.3	0.2	0.744899
0.3	0.25	0.746168
0.3	0.3	0.746413
0.3	0.35	0.745841
0.3	0.4	0.748298
0.3	0.45	0.746556
0.3	0.5	0.747028
0.3	0.55	0.746104
0.3	0.6	0.745278
0.3	0.65	0.747963
0.3	0.7	0.747317
0.3	0.75	0.746704
0.3	0.8	0.746688
0.3	0.85	0.74728
0.3	0.9	0.746289
0.3	0.95	0.746426
0.3	1	0.745156
0.32	0	0.747801
0.32	0.05	0.747728
0.32	0.1	0.747601
0.32	0.15	0.750737
0.32	0.2	0.748967
0.32	0.25	0.748334
0.32	0.3	0.747727
0.32	0.35	0.750503
0.32	0.4	0.749555
0.32	0.45	0.746549
0.32	0.5	0.748677
0.32	0.55	0.747249
0.32	0.6	0.748642
0.32	0.65	0.747023
0.32	0.7	0.74753
0.32	0.75	0.747323
0.32	0.8	0.749054
0.32	0.85	0.746595
0.32	0.9	0.74892
0.32	0.95	0.747484
0.32	1	0.746945
0.34	0	0.747869
0.34	0.05	0.750374
0.34	0.1	0.748981
0.34	0.15	0.749136
0.34	0.2	0.750763
0.34	0.25	0.750578
0.34	0.3	0.748849
0.34	0.35	0.747931
0.34	0.4	0.747022
0.34	0.45	0.749483
0.34	0.5	0.748782
0.34	0.55	0.74982
0.34	0.6	0.747469
0.34	0.65	0.750656
0.34	0.7	0.748465
0.34	0.75	0.747974
0.34	0.8	0.748056
0.34	0.85	0.748027
0.34	0.9	0.748384
0.34	0.95	0.747814
0.34	1	0.750409
0.36	0	0.750375
0.36	0.05	0.749795
0.36	0.1	0.750223
0.36	0.15	0.751045
0.36	0.2	0.750363
0.36	0.25	0.748888
0.36	0.3	0.748905
0.36	0.35	0.749636
0.36	0.4	0.749784
0.36	0.45	0.749061
0.36	0.5	0.75093
0.36	0.55	0.749186
0.36	0.6	0.750887
0.36	0.65	0.749287
0.36	0.7	0.749535
0.36	0.75	0.751078
0.36	0.8	0.749638
0.36	0.85	0.749531
0.36	0.9	0.750125
0.36	0.95	0.751327
0.36	1	0.748738
0.38	0	0.750935
0.38	0.05	0.752159
0.38	0.1	0.751452
0.38	0.15	0.751198
0.38	0.2	0.751532
0.38	0.25	0.751484
0.38	0.3	0.751032
0.38	0.35	0.751811
0.38	0.4	0.752419
0.38	0.45	0.751091
0.38	0.5	0.750407
0.38	0.55	0.750384
0.38	0.6	0.753738
0.38	0.65	0.753593
0.38	0.7	0.749827
0.38	0.75	0.752977
0.38	0.8	0.751771
0.38	0.85	0.750071
0.38	0.9	0.751898
0.38	0.95	0.750367
0.38	1	0.751404
0.4	0	0.753184
0.4	0.05	0.751123
0.4	0.1	0.753654
0.4	0.15	0.752002
0.4	0.2	0.750982
0.4	0.25	0.752226
0.4	0.3	0.75497
0.4	0.35	0.753361
0.4	0.4	0.752798
0.4	0.45	0.755092
0.4	0.5	0.750655
0.4	0.55	0.750804
0.4	0.6	0.751852
0.4	0.65	0.752385
0.4	0.7	0.751414
0.4	0.75	0.752673
0.4	0.8	0.752447
0.4	0.85	0.752705
0.4	0.9	0.752526
0.4	0.95	0.75178
0.4	1	0.75351
