0	0.1	0.0766423
0	0.245	0.0658147
0	0.39	0.093678
0	0.535	0.0726268
0	0.68	0.0670308
0	0.825	0.090771
0	0.97	0.0642202
0	1.115	0.0650774
0	1.26	0.105861
0	1.405	0.0776229
0	1.55	0.0913177
0	1.695	0.0966369
0	1.84	0.0922181
0	1.985	0.100809
0	2.13	0.0939149
0	2.275	0.0760226
0	2.42	0.0986718
0	2.565	0.107499
0	2.71	0.0894481
0	2.855	0.105459
0	3	0.0858426
0.15	0.1	0.910094
0.15	0.245	0.844727
0.15	0.39	0.782879
0.15	0.535	0.701548
0.15	0.68	0.628683
0.15	0.825	0.497318
0.15	0.97	0.601591
0.15	1.115	0.613123
0.15	1.26	0.590438
0.15	1.405	0.539882
0.15	1.55	0.461223
0.15	1.695	0.513868
0.15	1.84	0.608131
0.15	1.985	0.594122
0.15	2.13	0.631373
0.15	2.275	0.554007
0.15	2.42	0.411279
0.15	2.565	0.326455
0.15	2.71	0.169764
0.15	2.855	0.313289
0.15	3	0.20157
0.3	0.1	0.908148
0.3	0.245	0.854248
0.3	0.39	0.795551
0.3	0.535	0.708856
0.3	0.68	0.636707
0.3	0.825	0.593169
0.3	0.97	0.534996
0.3	1.115	0.551862
0.3	1.26	0.515756
0.3	1.405	0.411521
0.3	1.55	0.326357
0.3	1.695	0.277907
0.3	1.84	0.303704
0.3	1.985	0.346605
0.3	2.13	0.307754
0.3	2.275	0.158011
0.3	2.42	0.105408
0.3	2.565	0.0860687
0.3	2.71	0.104144
0.3	2.855	0.0819056
0.3	3	0.110027
0.45	0.1	0.908238
0.45	0.245	0.858163
0.45	0.39	0.805775
0.45	0.535	0.730429
0.45	0.68	0.654023
0.45	0.825	0.545627
0.45	0.97	0.483927
0.45	1.115	0.596681
0.45	1.26	0.484078
0.45	1.405	0.297805
0.45	1.55	0.217714
0.45	1.695	0.194002
0.45	1.84	0.226309
0.45	1.985	0.187204
0.45	2.13	0.174253
0.45	2.275	0.109178
0.45	2.42	0.104857
0.45	2.565	0.101897
0.45	2.71	0.0908028
0.45	2.855	0.105135
0.45	3	0.0939791
0.6	0.1	0.909772
0.6	0.245	0.866554
0.6	0.39	0.817462
0.6	0.535	0.748763
0.6	0.68	0.673905
0.6	0.825	0.608784
0.6	0.97	0.583302
0.6	1.115	0.531653
0.6	1.26	0.447164
0.6	1.405	0.309259
0.6	1.55	0.245454
0.6	1.695	0.181734
0.6	1.84	0.162344
0.6	1.985	0.146115
0.6	2.13	0.139017
0.6	2.275	0.101988
0.6	2.42	0.0975936
0.6	2.565	0.0908726
0.6	2.71	0.102939
0.6	2.855	0.0889252
0.6	3	0.0894011
0.75	0.1	0.910243
0.75	0.245	0.872268
0.75	0.39	0.826362
0.75	0.535	0.763128
0.75	0.68	0.691801
0.75	0.825	0.625026
0.75	0.97	0.484786
0.75	1.115	0.38742
0.75	1.26	0.41137
0.75	1.405	0.252648
0.75	1.55	0.201423
0.75	1.695	0.173506
0.75	1.84	0.134588
0.75	1.985	0.132659
0.75	2.13	0.102391
0.75	2.275	0.0924057
0.75	2.42	0.0941042
0.75	2.565	0.0980929
0.75	2.71	0.0950439
0.75	2.855	0.0883077
0.75	3	0.0872765
0.9	0.1	0.910838
0.9	0.245	0.877502
0.9	0.39	0.832042
0.9	0.535	0.778829
0.9	0.68	0.703905
0.9	0.825	0.641899
0.9	0.97	0.485189
0.9	1.115	0.53616
0.9	1.26	0.334554
0.9	1.405	0.175482
0.9	1.55	0.198721
0.9	1.695	0.140669
0.9	1.84	0.129055
0.9	1.985	0.112387
0.9	2.13	0.101898
0.9	2.275	0.0963784
0.9	2.42	0.0956888
0.9	2.565	0.0870598
0.9	2.71	0.0838749
0.9	2.855	0.0906837
0.9	3	0.0758937
1.05	0.1	0.911303
1.05	0.245	0.881083
1.05	0.39	0.837737
1.05	0.535	0.791908
1.05	0.68	0.72157
1.05	0.825	0.656935
1.05	0.97	0.60037
1.05	1.115	0.276955
1.05	1.26	0.461513
1.05	1.405	0.174347
1.05	1.55	0.164462
1.05	1.695	0.13675
1.05	1.84	0.113059
1.05	1.985	0.105532
1.05	2.13	0.090041
1.05	2.275	0.0943678
1.05	2.42	0.0871089
1.05	2.565	0.0742176
1.05	2.71	0.0773475
1.05	2.855	0.083012
1.05	3	0.0809437
1.2	0.1	0.912015
1.2	0.245	0.887844
1.2	0.39	0.845223
1.2	0.535	0.801672
1.2	0.68	0.739027
1.2	0.825	0.673054
1.2	0.97	0.616811
1.2	1.115	0.541609
1.2	1.26	0.24242
1.2	1.405	0.186142
1.2	1.55	0.154637
1.2	1.695	0.103199
1.2	1.84	0.112652
1.2	1.985	0.100754
1.2	2.13	0.087985
1.2	2.275	0.0808599
1.2	2.42	0.0819517
1.2	2.565	0.0745131
1.2	2.71	0.081495
1.2	2.855	0.0770469
1.2	3	0.0785835
1.35	0.1	0.910484
1.35	0.245	0.891459
1.35	0.39	0.8505
1.35	0.535	0.809381
1.35	0.68	0.754392
1.35	0.825	0.690392
1.35	0.97	0.630498
1.35	1.115	0.489251
1.35	1.26	0.30622
1.35	1.405	0.101648
1.35	1.55	0.124659
1.35	1.695	0.110102
1.35	1.84	0.107837
1.35	1.985	0.0961429
1.35	2.13	0.0841955
1.35	2.275	0.077986
1.35	2.42	0.0775526
1.35	2.565	0.0784296
1.35	2.71	0.0761126
1.35	2.855	0.0714174
1.35	3	0.0700754
1.5	0.1	0.912183
1.5	0.245	0.89402
1.5	0.39	0.854124
1.5	0.535	0.818118
1.5	0.68	0.765862
1.5	0.825	0.702413
1.5	0.97	0.647975
1.5	1.115	0.600954
1.5	1.26	0.336205
1.5	1.405	0.14923
1.5	1.55	0.11407
1.5	1.695	0.107922
1.5	1.84	0.0893601
1.5	1.985	0.084967
1.5	2.13	0.0843171
1.5	2.275	0.0731948
1.5	2.42	0.077018
1.5	2.565	0.0706104
1.5	2.71	0.0770429
1.5	2.855	0.0657964
1.5	3	0.0637345
1.65	0.1	0.911768
1.65	0.245	0.896253
1.65	0.39	0.856951
1.65	0.535	0.824911
1.65	0.68	0.779519
1.65	0.825	0.714777
1.65	0.97	0.659034
1.65	1.115	0.608597
1.65	1.26	0.331996
1.65	1.405	0.112943
1.65	1.55	0.0892685
1.65	1.695	0.0924376
1.65	1.84	0.0922645
1.65	1.985	0.075398
1.65	2.13	0.0732243
1.65	2.275	0.0722627
1.65	2.42	0.0754043
1.65	2.565	0.0735687
1.65	2.71	0.0684542
1.65	2.855	0.0685922
1.65	3	0.0615251
1.8	0.1	0.913725
1.8	0.245	0.89779
1.8	0.39	0.860028
1.8	0.535	0.829997
1.8	0.68	0.790523
1.8	0.825	0.732905
1.8	0.97	0.673968
1.8	1.115	0.623493
1.8	1.26	0.380955
1.8	1.405	0.101575
1.8	1.55	0.110784
1.8	1.695	0.118128
1.8	1.84	0.0903804
1.8	1.985	0.0806386
1.8	2.13	0.0798076
1.8	2.275	0.071107
1.8	2.42	0.0721628
1.8	2.565	0.0717983
1.8	2.71	0.0677686
1.8	2.855	0.0642911
1.8	3	0.0656004
1.95	0.1	0.912522
1.95	0.245	0.900227
1.95	0.39	0.867105
1.95	0.535	0.834368
1.95	0.68	0.798061
1.95	0.825	0.747227
1.95	0.97	0.69066
1.95	1.115	0.636005
1.95	1.26	0.328857
1.95	1.405	0.180001
1.95	1.55	0.0953266
1.95	1.695	0.104234
1.95	1.84	0.0922885
1.95	1.985	0.0795979
1.95	2.13	0.0736396
1.95	2.275	0.074896
1.95	2.42	0.0732685
1.95	2.565	0.061473
1.95	2.71	0.0642026
1.95	2.855	0.0698536
1.95	3	0.0621405
2.1	0.1	0.911352
2.1	0.245	0.901605
2.1	0.39	0.871848
2.1	0.535	0.838625
2.1	0.68	0.805102
2.1	0.825	0.757108
2.1	0.97	0.70125
2.1	1.115	0.651864
2.1	1.26	0.605244
2.1	1.405	0.231758
2.1	1.55	0.113854
2.1	1.695	0.108043
2.1	1.84	0.0905185
2.1	1.985	0.0769848
2.1	2.13	0.0704533
2.1	2.275	0.0655962
2.1	2.42	0.068953
2.1	2.565	0.0660463
2.1	2.71	0.0665098
2.1	2.855	0.0662316
2.1	3	0.0585524
2.25	0.1	0.910226
2.25	0.245	0.902465
2.25	0.39	0.87569
2.25	0.535	0.844521
2.25	0.68	0.812851
2.25	0.825	0.767738
2.25	0.97	0.71194
2.25	1.115	0.660459
2.25	1.26	0.623517
2.25	1.405	0.265128
2.25	1.55	0.113302
2.25	1.695	0.0904088
2.25	1.84	0.0899315
2.25	1.985	0.0738385
2.25	2.13	0.0755908
2.25	2.275	0.0655897
2.25	2.42	0.0669174
2.25	2.565	0.0662977
2.25	2.71	0.0620305
2.25	2.855	0.0602518
2.25	3	0.065256
2.4	0.1	0.910581
2.4	0.245	0.903015
2.4	0.39	0.878839
2.4	0.535	0.848072
2.4	0.68	0.819248
2.4	0.825	0.779896
2.4	0.97	0.72734
2.4	1.115	0.676697
2.4	1.26	0.628785
2.4	1.405	0.40341
2.4	1.55	0.107098
2.4	1.695	0.093949
2.4	1.84	0.0862518
2.4	1.985	0.0822952
2.4	2.13	0.0728866
2.4	2.275	0.0635777
2.4	2.42	0.0674647
2.4	2.565	0.0653742
2.4	2.71	0.0671254
2.4	2.855	0.0676077
2.4	3	0.0607175
2.55	0.1	0.913352
2.55	0.245	0.905512
2.55	0.39	0.880782
2.55	0.535	0.851393
2.55	0.68	0.824583
2.55	0.825	0.789237
2.55	0.97	0.741495
2.55	1.115	0.691379
2.55	1.26	0.642347
2.55	1.405	0.447337
2.55	1.55	0.183074
2.55	1.695	0.0932969
2.55	1.84	0.0884874
2.55	1.985	0.0797272
2.55	2.13	0.0684823
2.55	2.275	0.0647557
2.55	2.42	0.0605792
2.55	2.565	0.0643358
2.55	2.71	0.0665531
2.55	2.855	0.0590932
2.55	3	0.0592047
2.7	0.1	0.912874
2.7	0.245	0.905401
2.7	0.39	0.884357
2.7	0.535	0.854842
2.7	0.68	0.82873
2.7	0.825	0.796773
2.7	0.97	0.752058
2.7	1.115	0.699995
2.7	1.26	0.654239
2.7	1.405	0.574402
2.7	1.55	0.178204
2.7	1.695	0.0867189
2.7	1.84	0.0865038
2.7	1.985	0.0750029
2.7	2.13	0.0631833
2.7	2.275	0.070823
2.7	2.42	0.063914
2.7	2.565	0.0633444
2.7	2.71	0.0631462
2.7	2.855	0.0649039
2.7	3	0.0640315
2.85	0.1	0.912065
2.85	0.245	0.906239
2.85	0.39	0.887651
2.85	0.535	0.857342
2.85	0.68	0.832559
2.85	0.825	0.802622
2.85	0.97	0.760041
2.85	1.115	0.71002
2.85	1.26	0.663186
2.85	1.405	0.60965
2.85	1.55	0.280947
2.85	1.695	0.10092
2.85	1.84	0.0924632
2.85	1.985	0.0818225
2.85	2.13	0.0632317
2.85	2.275	0.0623579
2.85	2.42	0.0649684
2.85	2.565	0.0627803
2.85	2.71	0.0598557
2.85	2.855	0.0572552
2.85	3	0.060433
3	0.1	0.912272
3	0.245	0.906905
3	0.39	0.890492
3	0.535	0.859063
3	0.68	0.835754
3	0.825	0.807786
3	0.97	0.769311
3	1.115	0.722464
3	1.26	0.677733
3	1.405	0.636965
3	1.55	0.316253
3	1.695	0.141591
3	1.84	0.0945038
3	1.985	0.0767031
3	2.13	0.0640521
3	2.275	0.0640252
3	2.42	0.0627436
3	2.565	0.0617832
3	2.71	0.0650701
3	2.855	0.0660194
3	3	0.0579512
