0	0.1	0.0766423
0	0.245	0.0658147
0	0.39	0.093678
0	0.535	0.0726268
0	0.68	0.0670308
0	0.825	0.090771
0	0.97	0.0642202
0	1.115	0.0650774
0	1.26	0.105861
0	1.405	0.0776229
0	1.55	0.0913177
0	1.695	0.0966369
0	1.84	0.0922181
0	1.985	0.100809
0	2.13	0.0939149
0	2.275	0.0760226
0	2.42	0.0986718
0	2.565	0.107499
0	2.71	0.0894481
0	2.855	0.105459
0	3	0.0858426
0.15	0.1	0.920517
0.15	0.245	0.8488
0.15	0.39	0.782919
0.15	0.535	0.695461
0.15	0.68	0.621111
0.15	0.825	0.589393
0.15	0.97	0.601669
0.15	1.115	0.624554
0.15	1.26	0.630981
0.15	1.405	0.620167
0.15	1.55	0.637691
0.15	1.695	0.602801
0.15	1.84	0.626289
0.15	1.985	0.645791
0.15	2.13	0.468427
0.15	2.275	0.500368
0.15	2.42	0.485871
0.15	2.565	0.385316
0.15	2.71	0.363005
0.15	2.855	0.315363
0.15	3	0.337204
0.3	0.1	0.907771
0.3	0.245	0.854107
0.3	0.39	0.794416
0.3	0.535	0.706321
0.3	0.68	0.635139
0.3	0.825	0.586929
0.3	0.97	0.583982
0.3	1.115	0.602842
0.3	1.26	0.58441
0.3	1.405	0.577807
0.3	1.55	0.564468
0.3	1.695	0.532579
0.3	1.84	0.469799
0.3	1.985	0.423517
0.3	2.13	0.339337
0.3	2.275	0.239262
0.3	2.42	0.172356
0.3	2.565	0.172078
0.3	2.71	0.141645
0.3	2.855	0.12756
0.3	3	0.140229
0.45	0.1	0.906419
0.45	0.245	0.858785
0.45	0.39	0.805241
0.45	0.535	0.729462
0.45	0.68	0.64994
0.45	0.825	0.591458
0.45	0.97	0.479316
0.45	1.115	0.582794
0.45	1.26	0.568344
0.45	1.405	0.551793
0.45	1.55	0.511828
0.45	1.695	0.440281
0.45	1.84	0.396585
0.45	1.985	0.319237
0.45	2.13	0.208017
0.45	2.275	0.167756
0.45	2.42	0.161238
0.45	2.565	0.146615
0.45	2.71	0.118281
0.45	2.855	0.102405
0.45	3	0.114827
0.6	0.1	0.908456
0.6	0.245	0.866116
0.6	0.39	0.817063
0.6	0.535	0.748773
0.6	0.68	0.671574
0.6	0.825	0.602478
0.6	0.97	0.568955
0.6	1.115	0.575047
0.6	1.26	0.562449
0.6	1.405	0.539173
0.6	1.55	0.494383
0.6	1.695	0.434787
0.6	1.84	0.369471
0.6	1.985	0.27357
0.6	2.13	0.171353
0.6	2.275	0.179737
0.6	2.42	0.154662
0.6	2.565	0.109049
0.6	2.71	0.11154
0.6	2.855	0.113343
0.6	3	0.086941
0.75	0.1	0.904398
0.75	0.245	0.872691
0.75	0.39	0.825045
0.75	0.535	0.762286
0.75	0.68	0.690674
0.75	0.825	0.617673
0.75	0.97	0.57487
0.75	1.115	0.567922
0.75	1.26	0.560049
0.75	1.405	0.526635
0.75	1.55	0.466166
0.75	1.695	0.412998
0.75	1.84	0.321644
0.75	1.985	0.215896
0.75	2.13	0.186487
0.75	2.275	0.145906
0.75	2.42	0.121345
0.75	2.565	0.130407
0.75	2.71	0.104057
0.75	2.855	0.0934704
0.75	3	0.10883
0.9	0.1	0.910193
0.9	0.245	0.876877
0.9	0.39	0.832235
0.9	0.535	0.779799
0.9	0.68	0.703822
0.9	0.825	0.634788
0.9	0.97	0.531326
0.9	1.115	0.569461
0.9	1.26	0.55996
0.9	1.405	0.536698
0.9	1.55	0.477844
0.9	1.695	0.390108
0.9	1.84	0.304857
0.9	1.985	0.187175
0.9	2.13	0.172128
0.9	2.275	0.141226
0.9	2.42	0.108215
0.9	2.565	0.10387
0.9	2.71	0.0963601
0.9	2.855	0.0906562
0.9	3	0.0991648
1.05	0.1	0.910681
1.05	0.245	0.882316
1.05	0.39	0.837741
1.05	0.535	0.79123
1.05	0.68	0.718775
1.05	0.825	0.651853
1.05	0.97	0.590641
1.05	1.115	0.569064
1.05	1.26	0.569116
1.05	1.405	0.499538
1.05	1.55	0.436722
1.05	1.695	0.363912
1.05	1.84	0.28081
1.05	1.985	0.172953
1.05	2.13	0.142108
1.05	2.275	0.134477
1.05	2.42	0.0987904
1.05	2.565	0.108002
1.05	2.71	0.0911802
1.05	2.855	0.0989102
1.05	3	0.0955733
1.2	0.1	0.911187
1.2	0.245	0.887412
1.2	0.39	0.845428
1.2	0.535	0.801066
1.2	0.68	0.739412
1.2	0.825	0.670893
1.2	0.97	0.606046
1.2	1.115	0.569201
1.2	1.26	0.569893
1.2	1.405	0.498218
1.2	1.55	0.366856
1.2	1.695	0.340564
1.2	1.84	0.272237
1.2	1.985	0.165275
1.2	2.13	0.15968
1.2	2.275	0.111818
1.2	2.42	0.0995515
1.2	2.565	0.105545
1.2	2.71	0.102482
1.2	2.855	0.0990472
1.2	3	0.0851907
1.35	0.1	0.912079
1.35	0.245	0.891193
1.35	0.39	0.85016
1.35	0.535	0.80912
1.35	0.68	0.753385
1.35	0.825	0.688754
1.35	0.97	0.623973
1.35	1.115	0.574713
1.35	1.26	0.566792
1.35	1.405	0.546473
1.35	1.55	0.443905
1.35	1.695	0.283721
1.35	1.84	0.227865
1.35	1.985	0.158279
1.35	2.13	0.121191
1.35	2.275	0.103788
1.35	2.42	0.107812
1.35	2.565	0.0940819
1.35	2.71	0.0954643
1.35	2.855	0.101395
1.35	3	0.097004
1.5	0.1	0.91079
1.5	0.245	0.894636
1.5	0.39	0.85411
1.5	0.535	0.818859
1.5	0.68	0.764868
1.5	0.825	0.701032
1.5	0.97	0.637509
1.5	1.115	0.586073
1.5	1.26	0.567793
1.5	1.405	0.509562
1.5	1.55	0.276148
1.5	1.695	0.297196
1.5	1.84	0.21064
1.5	1.985	0.160252
1.5	2.13	0.115138
1.5	2.275	0.11709
1.5	2.42	0.101373
1.5	2.565	0.0892459
1.5	2.71	0.0887218
1.5	2.855	0.099777
1.5	3	0.0807992
1.65	0.1	0.909634
1.65	0.245	0.896357
1.65	0.39	0.857824
1.65	0.535	0.824735
1.65	0.68	0.77928
1.65	0.825	0.712751
1.65	0.97	0.654536
1.65	1.115	0.593288
1.65	1.26	0.567477
1.65	1.405	0.511065
1.65	1.55	0.351934
1.65	1.695	0.218408
1.65	1.84	0.222135
1.65	1.985	0.164333
1.65	2.13	0.116392
1.65	2.275	0.105628
1.65	2.42	0.101416
1.65	2.565	0.0928816
1.65	2.71	0.0951466
1.65	2.855	0.0867496
1.65	3	0.0958064
1.8	0.1	0.914147
1.8	0.245	0.899246
1.8	0.39	0.860576
1.8	0.535	0.830312
1.8	0.68	0.790315
1.8	0.825	0.731837
1.8	0.97	0.670965
1.8	1.115	0.61149
1.8	1.26	0.5715
1.8	1.405	0.564509
1.8	1.55	0.336536
1.8	1.695	0.205136
1.8	1.84	0.162783
1.8	1.985	0.174139
1.8	2.13	0.130984
1.8	2.275	0.103017
1.8	2.42	0.0878676
1.8	2.565	0.0965071
1.8	2.71	0.0948865
1.8	2.855	0.0936837
1.8	3	0.0908661
1.95	0.1	0.912046
1.95	0.245	0.900261
1.95	0.39	0.867201
1.95	0.535	0.834565
1.95	0.68	0.798969
1.95	0.825	0.746226
1.95	0.97	0.688167
1.95	1.115	0.626595
1.95	1.26	0.580157
1.95	1.405	0.472933
1.95	1.55	0.365061
1.95	1.695	0.213959
1.95	1.84	0.148946
1.95	1.985	0.159169
1.95	2.13	0.117315
1.95	2.275	0.0970162
1.95	2.42	0.0936445
1.95	2.565	0.0941342
1.95	2.71	0.0955449
1.95	2.855	0.0936795
1.95	3	0.0971896
2.1	0.1	0.911028
2.1	0.245	0.90151
2.1	0.39	0.87243
2.1	0.535	0.838971
2.1	0.68	0.805281
2.1	0.825	0.756177
2.1	0.97	0.698755
2.1	1.115	0.63919
2.1	1.26	0.589544
2.1	1.405	0.549842
2.1	1.55	0.431626
2.1	1.695	0.150814
2.1	1.84	0.188318
2.1	1.985	0.167173
2.1	2.13	0.0986837
2.1	2.275	0.0882464
2.1	2.42	0.111089
2.1	2.565	0.0903653
2.1	2.71	0.0935849
2.1	2.855	0.0897159
2.1	3	0.0918219
2.25	0.1	0.912669
2.25	0.245	0.90285
2.25	0.39	0.876169
2.25	0.535	0.845184
2.25	0.68	0.813291
2.25	0.825	0.766911
2.25	0.97	0.708528
2.25	1.115	0.656105
2.25	1.26	0.600881
2.25	1.405	0.570753
2.25	1.55	0.470527
2.25	1.695	0.216636
2.25	1.84	0.0948352
2.25	1.985	0.141961
2.25	2.13	0.104928
2.25	2.275	0.108478
2.25	2.42	0.0960388
2.25	2.565	0.0945459
2.25	2.71	0.0905819
2.25	2.855	0.0891309
2.25	3	0.092196
2.4	0.1	0.911656
2.4	0.245	0.904166
2.4	0.39	0.878107
2.4	0.535	0.849521
2.4	0.68	0.81902
2.4	0.825	0.779176
2.4	0.97	0.724127
2.4	1.115	0.672019
2.4	1.26	0.618095
2.4	1.405	0.530647
2.4	1.55	0.32293
2.4	1.695	0.209694
2.4	1.84	0.15368
2.4	1.985	0.151855
2.4	2.13	0.122538
2.4	2.275	0.0957551
2.4	2.42	0.0921011
2.4	2.565	0.101235
2.4	2.71	0.100301
2.4	2.855	0.0954069
2.4	3	0.0881959
2.55	0.1	0.912422
2.55	0.245	0.904688
2.55	0.39	0.881036
2.55	0.535	0.852029
2.55	0.68	0.82418
2.55	0.825	0.789322
2.55	0.97	0.738827
2.55	1.115	0.687173
2.55	1.26	0.630334
2.55	1.405	0.585381
2.55	1.55	0.483686
2.55	1.695	0.278337
2.55	1.84	0.139187
2.55	1.985	0.132027
2.55	2.13	0.0986241
2.55	2.275	0.102895
2.55	2.42	0.0909252
2.55	2.565	0.0943227
2.55	2.71	0.10209
2.55	2.855	0.0881011
2.55	3	0.0835918
2.7	0.1	0.912817
2.7	0.245	0.905567
2.7	0.39	0.884898
2.7	0.535	0.855072
2.7	0.68	0.828167
2.7	0.825	0.796056
2.7	0.97	0.750249
2.7	1.115	0.696996
2.7	1.26	0.64184
2.7	1.405	0.59539
2.7	1.55	0.527009
2.7	1.695	0.27582
2.7	1.84	0.17394
2.7	1.985	0.123974
2.7	2.13	0.113815
2.7	2.275	0.099689
2.7	2.42	0.093321
2.7	2.565	0.0996995
2.7	2.71	0.0896076
2.7	2.855	0.0931839
2.7	3	0.0895266
2.85	0.1	0.912713
2.85	0.245	0.906234
2.85	0.39	0.887555
2.85	0.535	0.857121
2.85	0.68	0.832979
2.85	0.825	0.802294
2.85	0.97	0.758891
2.85	1.115	0.705941
2.85	1.26	0.657441
2.85	1.405	0.60826
2.85	1.55	0.430184
2.85	1.695	0.221221
2.85	1.84	0.125145
2.85	1.985	0.135823
2.85	2.13	0.103143
2.85	2.275	0.0881096
2.85	2.42	0.0920618
2.85	2.565	0.0914092
2.85	2.71	0.097153
2.85	2.855	0.10033
2.85	3	0.0889697
3	0.1	0.912941
3	0.245	0.906802
3	0.39	0.890516
3	0.535	0.859724
3	0.68	0.835901
3	0.825	0.807655
3	0.97	0.769209
3	1.115	0.71624
3	1.26	0.672283
3	1.405	0.62346
3	1.55	0.588343
3	1.695	0.32522
3	1.84	0.149591
3	1.985	0.19404
3	2.13	0.133491
3	2.275	0.0976148
3	2.42	0.0955754
3	2.565	0.0995341
3	2.71	0.0972829
3	2.855	0.0858484
3	3	0.0874243
